N = 1000, variant = 1, pcount = 1
Time spent: 0.0278877 seconds
inaccuracy: 0.000142028
